{
    "labels": [
        [
            "axel.png",
            [
                0.8898490071296692,
                -0.03394941985607147,
                -0.45499035716056824,
                1.1647668617460618,
                -0.042634859681129456,
                -0.9990516901016235,
                -0.008838348090648651,
                0.028421240300070795,
                -0.4542587995529175,
                0.027263246476650238,
                -0.89045250415802,
                2.4356745248242917,
                0.0,
                0.0,
                0.0,
                1.0,
                4.2647,
                0.0,
                0.5,
                0.0,
                4.2647,
                0.5,
                0.0,
                0.0,
                1.0
            ]
        ],
        [
            "axel2.png",
            [
                0.9342923760414124,
                -0.023578917607665062,
                0.3557271957397461,
                -0.9124665636690327,
                0.057237833738327026,
                -0.9749454259872437,
                -0.21495410799980164,
                0.5583042679395759,
                0.3518829941749573,
                0.22119103372097015,
                -0.9095344543457031,
                2.4790524630564965,
                0.0,
                0.0,
                0.0,
                1.0,
                4.2647,
                0.0,
                0.5,
                0.0,
                4.2647,
                0.5,
                0.0,
                0.0,
                1.0
            ]
        ],
        [
            "conor.png",
            [
                0.9995846152305603,
                0.010820744559168816,
                -0.02671106532216072,
                0.06159983563489979,
                0.009909977205097675,
                -0.9993728399276733,
                -0.033997051417827606,
                0.09559036179516792,
                -0.0270621869713068,
                0.03371822088956833,
                -0.9990649223327637,
                2.697604111611195,
                0.0,
                0.0,
                0.0,
                1.0,
                4.2647,
                0.0,
                0.5,
                0.0,
                4.2647,
                0.5,
                0.0,
                0.0,
                1.0
            ]
        ],
        [
            "conor2.png",
            [
                0.8758606314659119,
                -0.11948207765817642,
                -0.46753835678100586,
                1.1932980151577681,
                -0.16508151590824127,
                -0.9845944046974182,
                -0.057635966688394547,
                0.1484780037359271,
                -0.45344915986061096,
                0.1276630163192749,
                -0.882091760635376,
                2.417435444727972,
                0.0,
                0.0,
                0.0,
                1.0,
                4.2647,
                0.0,
                0.5,
                0.0,
                4.2647,
                0.5,
                0.0,
                0.0,
                1.0
            ]
        ],
        [
            "khabib.png",
            [
                0.9638634920120239,
                0.13145075738430023,
                -0.23170633614063263,
                0.5872210109342315,
                0.12337689846754074,
                -0.9911462068557739,
                -0.04906395450234413,
                0.1358982026674852,
                -0.236104354262352,
                0.018703743815422058,
                -0.9715476632118225,
                2.6318630592850245,
                0.0,
                0.0,
                0.0,
                1.0,
                4.2647,
                0.0,
                0.5,
                0.0,
                4.2647,
                0.5,
                0.0,
                0.0,
                1.0
            ]
        ],
        [
            "nicki.png",
            [
                0.9997149109840393,
                -0.023150907829403877,
                0.005834802519530058,
                -0.013495704586681858,
                -0.02259739488363266,
                -0.9964014887809753,
                -0.08169038593769073,
                0.20797240439248824,
                0.0077050128020346165,
                0.08153524994850159,
                -0.9966406226158142,
                2.69194452858318,
                0.0,
                0.0,
                0.0,
                1.0,
                4.2647,
                0.0,
                0.5,
                0.0,
                4.2647,
                0.5,
                0.0,
                0.0,
                1.0
            ]
        ],
        [
            "nicki2.png",
            [
                0.857309877872467,
                0.013602940365672112,
                -0.5146209001541138,
                1.3220402191343081,
                -0.11282868683338165,
                -0.9703812003135681,
                -0.21361199021339417,
                0.5540923700064587,
                -0.5022841691970825,
                0.2411956638097763,
                -0.8303825855255127,
                2.28805404317554,
                0.0,
                0.0,
                0.0,
                1.0,
                4.2647,
                0.0,
                0.5,
                0.0,
                4.2647,
                0.5,
                0.0,
                0.0,
                1.0
            ]
        ],
        [
            "olsen.png",
            [
                0.9967063665390015,
                -0.07321237772703171,
                -0.0348752960562706,
                0.0883462243038268,
                -0.07767157256603241,
                -0.9854748845100403,
                -0.1510179489850998,
                0.38975765840015586,
                -0.023312347009778023,
                0.15322937071323395,
                -0.9879156351089478,
                2.670259147043539,
                0.0,
                0.0,
                0.0,
                1.0,
                4.2647,
                0.0,
                0.5,
                0.0,
                4.2647,
                0.5,
                0.0,
                0.0,
                1.0
            ]
        ],
        [
            "olsen2.png",
            [
                0.9662941098213196,
                -0.06779813766479492,
                -0.2483528107404709,
                0.63377196975093,
                -0.08763765543699265,
                -0.9937105178833008,
                -0.06970739364624023,
                0.18425263658148858,
                -0.24206475913524628,
                0.08912290632724762,
                -0.9661582708358765,
                2.6180878625956763,
                0.0,
                0.0,
                0.0,
                1.0,
                4.2647,
                0.0,
                0.5,
                0.0,
                4.2647,
                0.5,
                0.0,
                0.0,
                1.0
            ]
        ],
        [
            "olsen3.png",
            [
                0.9988186955451965,
                -0.045765649527311325,
                0.016331162303686142,
                -0.04432836388817736,
                -0.04049057140946388,
                -0.9696847200393677,
                -0.2409815490245819,
                0.622137056639255,
                0.026864755898714066,
                0.24003560841083527,
                -0.9703923463821411,
                2.626971731654386,
                0.0,
                0.0,
                0.0,
                1.0,
                4.2647,
                0.0,
                0.5,
                0.0,
                4.2647,
                0.5,
                0.0,
                0.0,
                1.0
            ]
        ],
        [
            "olsen4.png",
            [
                0.9982510805130005,
                0.059101346880197525,
                0.0013536461628973484,
                -0.002587345843392916,
                0.05911535397171974,
                -0.9978017210960388,
                -0.029950708150863647,
                0.08553427572083196,
                -0.00041945662815123796,
                0.029978346079587936,
                -0.999550461769104,
                2.698643583972956,
                0.0,
                0.0,
                0.0,
                1.0,
                4.2647,
                0.0,
                0.5,
                0.0,
                4.2647,
                0.5,
                0.0,
                0.0,
                1.0
            ]
        ],
        [
            "rose.png",
            [
                0.9760765433311462,
                -0.12892211973667145,
                -0.1750820428133011,
                0.44596459943665984,
                -0.1742275357246399,
                -0.94549959897995,
                -0.2750914692878723,
                0.7086170792868509,
                -0.1300746351480484,
                0.2990144193172455,
                -0.9453417658805847,
                2.566900350810735,
                0.0,
                0.0,
                0.0,
                1.0,
                4.2647,
                0.0,
                0.5,
                0.0,
                4.2647,
                0.5,
                0.0,
                0.0,
                1.0
            ]
        ],
        [
            "rose2.png",
            [
                0.8191562294960022,
                0.2806890904903412,
                -0.500196635723114,
                1.2711810749700665,
                0.2634642720222473,
                -0.9587665796279907,
                -0.1065518781542778,
                0.2662158147470793,
                -0.5094797611236572,
                -0.044501326978206635,
                -0.8593311905860901,
                2.3671138153068383,
                0.0,
                0.0,
                0.0,
                1.0,
                4.2647,
                0.0,
                0.5,
                0.0,
                4.2647,
                0.5,
                0.0,
                0.0,
                1.0
            ]
        ],
        [
            "seyfried.png",
            [
                0.9391841888427734,
                -0.1009010300040245,
                -0.32825616002082825,
                0.8379528904821395,
                -0.1616024374961853,
                -0.9732683300971985,
                -0.16319780051708221,
                0.4280817595592577,
                -0.30301445722579956,
                0.20631977915763855,
                -0.9303840398788452,
                2.5307273579872804,
                0.0,
                0.0,
                0.0,
                1.0,
                4.2647,
                0.0,
                0.5,
                0.0,
                4.2647,
                0.5,
                0.0,
                0.0,
                1.0
            ]
        ],
        [
            "timmy.png",
            [
                0.9910516738891602,
                0.004091982264071703,
                -0.13341578841209412,
                0.34128748933930664,
                -0.021469702944159508,
                -0.9816284775733948,
                -0.1895906776189804,
                0.49339202457706316,
                -0.131740540266037,
                0.1907585710287094,
                -0.9727566838264465,
                2.6325058707824796,
                0.0,
                0.0,
                0.0,
                1.0,
                4.2647,
                0.0,
                0.5,
                0.0,
                4.2647,
                0.5,
                0.0,
                0.0,
                1.0
            ]
        ],
        [
            "timmy2.png",
            [
                0.9782587289810181,
                0.020389631390571594,
                0.2063833773136139,
                -0.5265123385912385,
                0.028241876512765884,
                -0.9989820718765259,
                -0.03517233952879906,
                0.10121148031015538,
                0.20545616745948792,
                0.040236301720142365,
                -0.9778388142585754,
                2.646231470141003,
                0.0,
                0.0,
                0.0,
                1.0,
                4.2647,
                0.0,
                0.5,
                0.0,
                4.2647,
                0.5,
                0.0,
                0.0,
                1.0
            ]
        ],
        [
            "timmy3.png",
            [
                0.9525087475776672,
                0.14786438643932343,
                0.26620131731033325,
                -0.6837663481515835,
                0.2043500393629074,
                -0.9585015773773193,
                -0.1987854242324829,
                0.5230817240340644,
                0.22576108574867249,
                0.24374310672283173,
                -0.9431973099708557,
                2.5590719198797443,
                0.0,
                0.0,
                0.0,
                1.0,
                4.2647,
                0.0,
                0.5,
                0.0,
                4.2647,
                0.5,
                0.0,
                0.0,
                1.0
            ]
        ],
        [
            "washington.png",
            [
                0.991479218006134,
                0.0686599463224411,
                0.11070115864276886,
                -0.28136990450772237,
                0.06503773480653763,
                -0.9972327947616577,
                0.036010321229696274,
                -0.08024366295680002,
                0.11286729574203491,
                -0.02850373275578022,
                -0.9932011365890503,
                2.6840998363310913,
                0.0,
                0.0,
                0.0,
                1.0,
                4.2647,
                0.0,
                0.5,
                0.0,
                4.2647,
                0.5,
                0.0,
                0.0,
                1.0
            ]
        ],
        [
            "washington2.png",
            [
                0.7937495112419128,
                -0.06860484927892685,
                -0.6043634414672852,
                1.5481336108329884,
                0.07286539673805237,
                -0.9757380485534668,
                0.20646056532859802,
                -0.5266364508052841,
                -0.6038646101951599,
                -0.20791512727737427,
                -0.7694926261901855,
                2.148473032572768,
                0.0,
                0.0,
                0.0,
                1.0,
                4.2647,
                0.0,
                0.5,
                0.0,
                4.2647,
                0.5,
                0.0,
                0.0,
                1.0
            ]
        ]
    ]
}